# Created by Octave 4.4.1, Fri Apr 17 07:42:33 2020 CEST <walter@scinix>
# name: sample01
# type: matrix
# rows: 1
# columns: 1501
 34.254912557634398 33.602235191111859 33.602235191111859 33.602235191111859 33.602235191111859 34.254912557634398 33.510677601848904 33.419532006237993 33.510677601848904 34.254912557634398 34.254912557634398 33.879408045731786 33.972641862810917 34.734106918478091 34.34986905982479 34.34986905982479 34.34986905982479 34.066301929461694 34.34986905982479 34.831284755098082 34.928916204995446 33.879408045731786 35.32404225817546 36.555403051151259 36.555403051151259 36.661258492114769 36.555403051151259 36.34522459903804 36.450059655574087 36.767629720928703 37.307356253436417 37.198348653010427 37.416902880151603 36.981934695211024 36.981934695211024 36.87452051661699 36.981934695211024 36.981934695211024 37.198348653010427 37.416902880151603 37.526992541172156 37.748817197865421 37.748817197865421 38.085729457867345 38.199163758971501 37.637629284349295 38.658666935291819 38.427753404526193 38.658666935291819 38.891939969900619 38.775006260089718 38.891939969900619 39.009472631516815 39.009472631516815 39.485685786253434 38.891939969900619 39.127608858634296 39.127608858634296 39.127608858634296 38.891939969900619 38.891939969900619 39.606283371737391 40.847591068170551 40.594067815894839 40.847591068170551 40.343217018939647 39.849365527826905 39.727508316218774 39.971859966023196 39.971859966023196 40.720492723034951 41.103829711240223 41.103829711240223 41.756596329435823 41.362827605260179 41.103829711240223 41.362827605260179 41.756596329435823 42.427322682569077 41.493375236660924 41.889281361175371 43.116760305395871 42.977338400618969 43.539732758528096 43.397950882314561 44.260778880302787 45.30551257604322 45.153665233282936 45.458246719166979 46.712999192038986 47.199146634436239 48.198328456618505 48.539626482126998 48.885171341315711 48.885171341315711 50.129192044153001 50.494864316162811 52.592791283511403 52.592791283511403 54.009445120049897 54.426659112467313 56.154182351188751 56.154182351188751 57.284110052789302 57.284110052789302 57.054901456037967 58.455206700894962 57.514964901338971 57.514964901338971 57.514964901338971 59.423260014162679 60.168301934950861 60.420377324462351 61.447887468250599 61.188084899279801 63.049250095414735 63.049250095414735 63.599819374774626 62.239310964996932 64.159111885361781 64.44209439643933 64.727336599243344 61.447887468250599 61.188084899279801 61.709677350091042 64.159111885361781 65.014865668645655 66.188409608997787 66.789642332379898 66.789642332379898 66.789642332379898 65.304709217008906 65.596895303026244 66.789642332379898 66.789642332379898 66.487796260596454 66.789642332379898 66.188409608997787 66.188409608997787 67.400834963370372 68.022237059953554 66.789642332379898 66.789642332379898 67.400834963370372 68.022237059953554 68.022237059953554 68.022237059953554 66.487796260596454 66.188409608997787 65.891452440775979 67.710243906766749 67.400834963370372 67.710243906766749 66.789642332379898 67.710243906766749 66.487796260596454 66.789642332379898 66.789642332379898 65.304709217008906 66.188409608997787 66.487796260596454 66.789642332379898 66.789642332379898 66.487796260596454 66.789642332379898 66.789642332379898 68.022237059953554 68.336846934008094 68.974049638832426 73.393889863385652 73.393889863385652 75.233894010018915 74.859185828537747 76.767670888339126 76.767670888339126 76.767670888339126 77.160096699951112 76.767670888339126 78.767269976872313 79.5940972051214 80.437021436005523 77.956083014836523 81.296517364613848 81.296517364613848 81.732633186642587 80.437021436005523 78.359749330426112 77.956083014836523 78.767269976872313 77.160096699951112 75.612048399301202 74.487876959417378 73.393889863385652 71.980129586647621 72.680739198217552 70.952015418908658 68.974049638832426 68.654106587652251 69.950323996934486 68.654106587652251 68.974049638832426 68.022237059953554 66.789642332379898 66.487796260596454 65.304709217008906 64.44209439643933 65.596895303026244 65.596895303026244 65.596895303026244 66.789642332379898 65.596895303026244 65.304709217008906 65.596895303026244 63.599819374774626 64.159111885361781 64.159111885361781 63.878362319999411 65.596895303026244 66.487796260596454 66.789642332379898 66.789642332379898 68.974049638832426 69.950323996934486 69.950323996934486 70.281348424287643 69.622123273263583 70.61523315373492 70.952015418908658 71.291733102503201 74.119921354236254 74.119921354236254 73.755273792554092 77.160096699951112 77.556216606074656 77.160096699951112 77.160096699951112 76.767670888339126 76.378887736059951 76.767670888339126 76.767670888339126 78.359749330426112 77.160096699951112 76.767670888339126 77.160096699951112 78.767269976872313 78.767269976872313 80.013517957890613 80.437021436005523 81.296517364613848 79.5940972051214 79.5940972051214 80.013517957890613 81.732633186642587 80.013517957890613 80.013517957890613 80.437021436005523 82.173078536123583 80.437021436005523 80.864667544123506 81.296517364613848 82.617918206566216 85.383033336273229 83.521046213964311 83.521046213964311 85.383033336273229 85.383033336273229 87.323230087223934 87.821080029880491 89.346669769832317 93.104734578552822 92.550018362311988 92.550018362311988 93.104734578552822 96.567344827798252 95.973703573139247 96.567344827798252 98.390059313196048 96.567344827798252 95.973703573139247 97.167870429492268 96.567344827798252 97.775400831392801 97.775400831392801 97.167870429492268 98.390059313196048 101.5747963289504 97.775400831392801 99.011972064520222 99.011972064520222 96.567344827798252 100.27808020511569 100.9225433161461 95.386828958322809 97.775400831392801 97.775400831392801 98.390059313196048 96.567344827798252 95.973703573139247 95.386828958322809 96.567344827798252 101.5747963289504 99.64126827127339 97.775400831392801 98.390059313196048 97.775400831392801 95.386828958322809 95.973703573139247 95.973703573139247 95.973703573139247 93.104734578552822 97.775400831392801 99.011972064520222 96.567344827798252 96.567344827798252 97.775400831392801 97.775400831392801 97.775400831392801 100.9225433161461 97.775400831392801 98.390059313196048 100.9225433161461 99.011972064520222 100.27808020511569 101.5747963289504 104.26460217515344 105.66010937888369 106.37107291017698 105.66010937888369 100.9225433161461 103.57973325749407 102.90324393162369 103.57973325749407 106.37107291017698 106.37107291017698 102.90324393162369 104.26460217515344 107.09106677643179 105.66010937888369 104.95800735039303 105.66010937888369 109.30698428892545 106.37107291017698 102.90324393162369 103.57973325749407 110.06487625693838 104.26460217515344 97.775400831392801 99.011972064520222 102.90324393162369 104.95800735039303 102.90324393162369 103.57973325749407 106.37107291017698 105.66010937888369 102.90324393162369 104.26460217515344 107.09106677643179 103.57973325749407 100.9225433161461 100.27808020511569 105.66010937888369 102.90324393162369 100.27808020511569 100.9225433161461 100.9225433161461 103.57973325749407 105.66010937888369 107.09106677643179 99.011972064520222 103.57973325749407 99.64126827127339 100.27808020511569 104.95800735039303 106.37107291017698 100.27808020511569 101.5747963289504 107.09106677643179 104.26460217515344 106.37107291017698 106.37107291017698 115.65990299518232 100.9225433161461 100.27808020511569 100.27808020511569 111.6106834125183 100.9225433161461 100.27808020511569 101.5747963289504 103.57973325749407 104.26460217515344 105.66010937888369 107.09106677643179 101.5747963289504 102.23498134215313 106.37107291017698 104.95800735039303 106.37107291017698 106.37107291017698 105.66010937888369 106.37107291017698 104.26460217515344 104.26460217515344 102.90324393162369 104.26460217515344 100.27808020511569 97.775400831392801 100.9225433161461 100.27808020511569 100.9225433161461 99.011972064520222 97.775400831392801 98.390059313196048 99.011972064520222 99.011972064520222 100.9225433161461 102.90324393162369 